0
-8.996527820772384
-9.04860517546299
-9.252790027791274
-8.91034252326037
-9.067072080811288
-9.013687123229094
-8.967469884258813
-8.840230586109914
-9.200211351683153
-9.014071506601717
-8.836653785697612
-8.849566198194994
-8.973845823285798
-8.954232006269159
-9.110845446266394
-8.955807532464299
-8.901173951453393
-8.976474332184926
-8.922141262313545
-8.831563172001305
-9.020892118757507
-9.201668821139334
-9.144643951554473
-8.972981648052016
-8.982724095217835
-8.827958755173794
-9.084193112232576
-9.158700015477185
-8.910973166509137
-8.999019037245244
-8.97741177895076
-8.923175333121105
-9.217907081891177
-8.993387324081311
-9.016531432190682
-9.118871145758353
-9.02172350357847
-8.989695763028896
-9.195748598588395
-9.404341643764878
-8.903425778736716
-8.981374068093347
-8.878157177401016
-9.042024232620287
-9.158677170768929
-8.897813321329126
-9.147404321557506
-8.980932901796104
-8.826565414312183
-8.890167289065547
-8.909332946468929
-9.049528140979108
-9.002938073483838
-8.960043828278398
-9.407342826503399
-9.01422956474496
-7.358342575325619
-6.495797425400122
-6.2518560767215225
-6.270117159054977
-6.137454167670463
-6.222553158685841
-6.095581733880204
-6.122754939550542
-5.9569869372298845
-5.917897362635723
-5.919835619809104
-6.109048994037495
-5.921868322451479
-6.001576241205796
-5.958334052639434
-6.066306711713523
-6.103430784322109
-5.946966274972613
-6.087498673882867
-6.139086100657006
-5.864398369474618
-5.775388834806164
-5.857479820326571
-5.815382601233908
-5.938790093083831
-6.091278812403075
-5.863521973513357
-5.772096191339622
-5.988383551849123
-5.931613756789002
-5.730019788570099
-5.775222044538494
-5.861754834015251
-5.748407872417736
-5.893215017397677
-5.802191716069448
-5.843347714279999
-5.768603905373807
-5.833059756689401
-5.86067311083394
-5.972306337325343
-5.850800932423857
-5.894525946869585
-6.0825883046967935
-5.594053275193682
-5.90113486931089
-5.810257844039434
-5.693885092699908
-5.825856696032698
-5.75263319182666
-5.8167613199180135
-5.672961968524683
-5.883692070915797
-5.88944984218148
-5.809155747119717
-5.757025095136852
-5.8299220949913915
-5.713885279635482
-5.9740440510138875
-5.666111891092592
-5.8695989050614275
-5.770307791070669
-5.802150677828957
-5.853010917715569
-5.665660872160722
-5.859247682125681
-5.792032694181928
-6.074858428499051
-5.80653157797951
-5.747176417433125
-5.666846312275035
-5.691062200234757
-5.671576208852572
-5.728911076886549
-5.708815126114074
-5.554481549335133
-5.500769228314222
-5.929218279204756
-5.680354179262724
-5.729041378168071
-5.739091521056707
-5.6222233637044114
-5.838057144631315
-5.815064375250084
-5.683117407126347
-5.764044061561806
-5.777942503070607
-5.699768815844707
-5.945761362328438
-5.672086628914941
-5.702989948786689
-5.831447699281447
-5.755003191271987
-5.8445503708825965
-5.795727048852943
-5.833524145577622
-5.81557854688184
-5.887983831948597
-5.848547639322621
-5.681089030998475
-5.826522176687078
-6.002151247040861
-5.610359122702773
-5.7292560807444985
-5.971445357244391
-5.576718551763992
-5.823043684407749
-5.662473369533614
-5.87760388327038
-5.6965254613245895
-5.701647484369294
-5.7840397712186045
-5.759316130619313
-5.824352514239164
-5.837761768067731
-5.876030255032268
-5.800358499652208
-5.805971667698166
-5.800602936876167
-5.700793091752228
-5.815053934504757
-5.76931339248845
-5.7498226860161
-5.854578873182496
-5.729243139641167
-5.771161535690404
-5.693908834389209
-5.700179318462518
-5.7473394142516305
-5.751405646316563
-5.824395147306546
-5.798096746574425
-5.820951003259784
-5.775869227018185
-5.5673591660540716
-5.62156763038894
-5.885879017448284
-5.720678714019814
-5.863741359765004
-5.678501431100075
-5.709798210229413
-5.670550282283774
-5.973599144568705
-5.7775174629957915
-5.774648168336236
-5.7773157964395185
-5.5969752072973
-5.937733186320354
-5.866293760504597
-5.737198896883412
-5.686640329142319
-5.59813849679547
-5.8774530352991325
-5.608046492768371
-5.782197406657585
-5.868619179595826
-5.7195680930411905
-5.626552179644029
-5.771298023268339
-5.898347506868884
-5.725966783848578
-5.856109150248545
-5.636632824367986
-5.877675487464194
-5.830851790407981
-5.642095449948477
-5.726884030529231
-5.638027390547876
-5.815107326243359
-5.814287797001461
-5.883221526316999
-5.671391176883531
-5.78472053276515
-5.633848583279439
-5.719171845551848
-5.823335240820321
-5.799976512237112
-5.611718108191228
-5.880391285083421
-5.663980188724953
-5.618662329161976
-5.950687845883736
-5.792457438337619
-5.806180645152269
-5.636746035344843
-5.637992495010509
-5.844837809010395
-5.754252133624251
-5.772568466080541
-5.798454763985843
-5.741648529906919
-5.686933135924789
-5.738670167857247
-5.719625547408959
-5.580189447935959
-5.702287336086192
-5.787107253536158
-5.710643795800841
-5.7558051684682185
-5.5881985860315755
-5.7760335321712395
-5.679566054928994
-5.673043923861645
-5.741081185927722
-5.8473789551273585
-5.659826538917181
-5.701459730598324
-5.643317631497507
-5.6177693304423135
-5.715124402297494
-5.849358377112069
-5.717066371488429
-5.807143796458999
-5.779685367076417
-5.741356696113988
-5.683181705708154
-5.67373515558016
-5.696677951922473
-5.679138783592583
-5.729886497942354
-5.815795246268487
-5.7377488862574175
-5.6271381992446114
-5.641803456069436
-5.641088731021793
-5.899159832996671
-5.934884151686863
-5.695976659450534
-5.700436579322719
-5.9201982806295135
-5.835666811579405
-5.802020209056854
-5.748344893988439
-5.744453269850263
-5.950303426025638
-5.664994628873613
-5.760767930139885
-5.751111708783427
-5.6517374537501155
-5.7154437534846965
-5.808128400788126
-5.734900540555014
-5.879154224436839
-5.657469738141946
-5.848915872318398
-5.696501762505201
-5.902921343788361
-5.881271712576166
-5.784932323797609
-5.6846261600904775
-5.763001713231833
-5.86794244570806
-5.686336395959845
-5.7655448738991675
-5.90115217188293
-5.6354806070537515
-5.640829292149021
-5.721811298324068
-5.750699093429057
-5.689264410878946
-5.760564232795025
-5.600753437869921
-5.815197083081418
-5.607501754741884
-5.9376953683628
-5.722223629564599
-5.766608258960538
-5.636522654199561
-5.8423941859259365
-5.772644003420707
-5.7444144888762425
-5.661276998705825
-5.687509298630408
-5.68564344241343
-5.823347133930403
-5.670823887403584
-5.882960659887676
-5.645057237452505
-5.7967002745111715
-5.8177275527334915
-5.833116660596402
-5.640618416710693
-5.743385164015672
-5.800401790297876
-5.673686199695648
-5.590243340651965
-5.7495975726654525
-5.916174116018878
-5.685307209020931
-5.735663517628497
-5.994353994509914
-5.848466905452731
-5.649735571716855
-5.809661768570248
-5.743856347575306
-5.758681898249178
-5.778303194722827
-5.740451141470821
-5.706095066719715
-5.738474389036964
-5.776666009491803
-5.767688826621374
-5.839546041091658
-5.812557361686523
-5.764135675970945
-5.824737663237656
-5.69905504068202
-5.885997069309338
-5.931449276031576
-5.8201301132460665
-5.673764337946946
-5.783123694548692
-5.566283721068587
-5.9242733095762405
-5.771231082328198
-5.627670623369673
-5.569528693261218
-5.730261721919544
-5.691975150865035
-5.831931124852222
-5.667267032720695
-5.536902372374039
-5.726073055525819
-5.6743079233956335
-5.87956166718577
-5.953153743354737
-5.690995309992891
-5.7098857712312485
-5.88558739062286
-5.698197195673211
-5.849202855001421
-5.649190633915398
-5.8919819453932645
-5.770019879970161
-5.733250525230209
-5.797135263687177
-5.6903055788546055
-5.77708425056889
-5.826278425430974
-5.708171445882868
-5.675033472685468
-5.923058669587206
-5.8075425452437015
-5.778110013949401
-5.736731053648888
-5.511221138157542
-5.734114622966641
-5.770760874839089
-5.667197187078079
-5.618548146412363
-5.827311678182356
-5.76975856194782
-5.842479250453528
-5.614159983561774
-5.886986410131751
-5.730666902776592
-5.739813721913288
-5.739803985246518
-5.715683686759843
-5.616352666631606
-5.846875838846192
-5.75913487487668
-5.886728930428414
-5.602525728154603
-5.762207509366471
-5.899750441695942
-5.706847262045236
-5.778393142397228
-5.595909535875146
-5.772906401003624
-5.752793122761528
-5.571499172071915
-5.958250073582634
-5.788641406906303
-5.742863074894976
-5.7226723002600846
-5.78840827179647
-5.654839528362171
-5.805026387493389
-5.6748312868783115
-5.73101354373689
-5.81891529094456
-5.7349241144425775
-5.610321317088316
-5.80060996274123
-5.910681069363156
-5.712164178605672
-5.6358770203974276
-5.774279917480888
-5.8007917129311215
-5.81567846890733
-5.702100303063831
-5.810099785308881
-5.610308801530056
-5.899990906420511
-5.771772165374861
-5.687331696584116
-5.584553920648846
-5.642436075504266
-5.6627662725602255
-5.789819204067369
-5.893877571789194
-5.620456947722106
-5.711278644898185
-5.743381249052359
-5.782327913341848
-5.769396496819644
-5.636565424930736
-5.682077216758577
-5.973776660491163
-5.737349769241433
-5.78115492483456
-5.663523877251716
-5.6408362059433035
-5.738960876610733
-5.585770183923369
-5.622279282637288
-5.51039922215168
-5.617683138393702
-5.689243819733556
-5.70226950855256
-5.587135486361751
-5.6253884780902785
-5.766918947892661
-5.729741211435763
-5.715469206576771
-5.704995408281875
-5.611120460438655
-5.600002502469171
-5.860245551829494
-5.564068924299324
-5.797701529766773
-5.6960498591644315
-5.870228756805229
-5.722222227595731
-5.7128518965530946
-5.83940715414405
-5.745216160788149
-5.717790687137759
-5.672869377565461
-5.875966190838509
-5.633392784034566
-5.818800412686193
-5.639557870934673
-5.644909023671307
-5.735678326462324
-5.650261413261243
-5.670871968416814
-5.815014050147234
-5.7578620924550385
-5.842013594676432
-5.864276992898682
-5.733815753072708
-5.781233211638118
-5.6951478240911975
-5.696688348556793
-5.813641288079697
-5.668523560948153
-5.781689481140046
-5.602185687353376
-5.620168322461271
-5.647930051081173
-5.776576235532479
-5.693062616413215
-5.927712502571383
-5.624380884682457
-5.553440662624473
-5.821518599271035
-5.65331835075446
-5.658855848332618
-5.707173827305215
-5.826264457924791
-5.841879816451598
-5.64473408128839
-5.741779865904629
-5.709846941074269
-5.682225357023316
-5.571304777353953
-5.92378284751516
-5.714676799892916
-5.787939699908925
-5.869427416391602
-5.9841307476655
-5.806005009067927
-5.823516780450386
-5.767307876342433
-5.74947455920542
-5.675102132134995
-5.673340149857972
-5.664816727787362
-5.788037389198897
-5.718962890818748
-5.669054053679774
-5.69140063633848
-5.72457417994439
-5.7098195263683245
-5.615723623180427
-5.594574210662475
-5.880587615380998
-5.803347920191099
-5.828821834401192
-5.586669404900899
-5.700286123886204
-5.633853339199822
-5.751478442432436
-5.873307343627664
-5.8262033846326435
-5.478366075715244
-5.784051555040619
-5.653954326105728
-5.592976134132582
-5.764064809668692
-5.532583759815599
-5.6788129090277595
-5.7032041200322725
-5.54330155372097
-5.631733319900875
-5.808892041778467
-5.7688630512588635
-5.772382077596955
-5.756917222318893
-5.605565212740538
-5.6113831606420055
-5.666415374032878
-5.70866150532337
-5.708482932379405
-5.743191683326243
-5.741681817903426
-5.54326809203896
-5.880649640171021
-5.710813048507889
-5.739677282512957
-5.820841327238898
-5.654703126200277
-5.706556653351482
-5.7809227355250705
-5.793704138763172
-5.647229434848902
-5.82314617584915
-5.932229500755765
-5.844700956422933
-5.624214418242144
-5.629430785302671
-5.6782115156914035
-5.626338126471472
-5.659395540861387
-5.837003083640444
-5.8486382093573255
-5.704336252503134
-5.644714356924175
-5.6184692942060455
-5.882944816146112
-5.774497326330065
-5.823800484131205
-5.577492408025081
-5.5646478809048014
-5.8430273118276315
-5.774420338570278
-5.798988256021765
-5.7004986068022605
-5.810072973021746
-5.938651833433121
-5.71831045194395
-5.696331818818421
-5.775779893834207
-5.620682269786699
-5.633951506855512
-5.783620837414251
-5.5669966214108495
-5.810944850420463
-5.703451630748294
-5.714569272393778
-5.723229517292078
-5.604537890374322
-5.64132230662923
-5.761574065600337
-5.528780533907967
-5.758614397278967
-5.651940806160481
-5.640533825263904
-5.662032935576127
-5.795893183366494
-5.61017856361664
-5.664747077590127
-5.664365522199287
-5.680727915972557
-5.785502750337498
-5.776605568271794
-5.838998494386218
-5.875073700794432
-5.694639482749259
-5.679239757158631
-5.73509354664474
-5.764438016249917
-5.768565677009039
-5.909697814613502
-5.729605381897719
-5.885799808554579
-5.696631269922325
-5.800340598631836
-5.586020798779774
-5.694059302158605
-5.6650075290294994
-5.88212336311586
-5.461608864946976
-5.656260610724465
-5.853330872550996
-5.66610028171695
-5.595860551989156
-5.8050827560864935
-5.61939501137709
-5.781871997646927
-5.720527566750215
-5.703628695952475
-5.755998250778707
-5.755492029503973
-5.684076567694107
-5.654630639715577
-5.668327734791649
-5.708439744453481
-5.650222905247926
-5.660608193634731
-5.702180601370402
-5.577859160583239
-5.664739886654809
-5.602454456226266
-5.5650142631363435
-5.564718548687957
-5.8390797402609005
-5.778227326880907
-5.6142898781745325
-5.711024156052122
-5.650535823289285
-5.636435222833653
-5.925616267611195
-5.721363498935134
-5.935824373163509
-5.7384064203035985
-5.768794177964082
-5.74050327577525
-5.786288168681052
-5.663978254540327
-5.689676522203519
-5.571257853836825
-5.641076410098224
-5.700001463958847
-5.528470209162737
-5.6051836955215535
-5.65414412449289
-5.814261410492561
-5.7368684525631055
-5.753080968607582
-5.5796791694531125
-5.735610265299345
-5.727445575833217
-5.803549586614122
-5.843346134054785
-5.9654619423013795
-5.684328437353517
-5.686459881965148
-5.729726404514632
-5.734581562776721
-5.880169968781583
-5.65749289223028
-5.65444143029321
-5.805641338241476
-5.801847672222079
-5.676025764443723
-5.7403757035052285
-5.6106843286797705
-5.629621915916777
-5.84523807736258
-5.732487118371739
-5.770131787398031
-5.739363948194839
-5.901527783223418
-5.657073597401454
-5.661112279819409
-5.664709435656337
-5.705592088390489
-5.755225738989715
-5.610765559966139
-5.906195928343737
-5.757369375362498
-5.791314713780526
-5.725528296005069
-5.661694918328808
-5.761240990759606
-5.607859485316729
-5.8054980716631
-5.560494584873423
-5.661231733948839
-5.611134348888201
-5.640162963820679
-5.756441652752883
-5.641651991378885
-5.612447731673853
-5.700058305231055
-5.759165724869958
-5.6308667826042225
-5.680868042407344
-5.751303476853331
-5.669025857794312
-5.751163760927005
-5.764337081664257
-5.614560528272858
-5.816563288299055
-5.791331259012139
-5.7697209747853915
-5.785777208572749
-5.634812506583166
-5.743243796872887
-5.688417990933814
-5.619671015362534
-5.652010743566571
-5.7376258063199375
-5.809604223570532
-5.80976567528765
-5.653258323290188
-5.801542380178675
-5.817332262806781
-5.672758284579084
-5.793430204078843
-5.653132872717468
-5.738917175581436
-5.4898149096935756
-5.908978429710143
-5.855548389540821
-5.789270315207853
-5.849192064169789
-5.757267118597137
-5.782400780972307
-5.710794924177187
-5.683174768977299
-5.850813427955861
-5.554860173628887
-5.818289344052719
-5.672362705518076
-5.686823917058557
-5.615021596309138
-5.766972328572967
-5.570979562882427
-5.5572338111268245
-5.5755647924876754
-5.587517598254085
-5.549799773137587
-5.56947278151773
-5.803257350855648
-5.7960525356894586
-5.763158258876768
-5.627310640707065
-5.784621154409295
-5.869284583104828
-5.741692302065693
-5.725266438032943
-5.863163438500197
-5.854236292168866
-5.631405421468326
-5.73604453430295
-5.732829614887226
-5.80259554844196
-5.679536751784184
-5.596661267759572
-5.786666001011858
-5.762728862186204
-5.646321511974801
-5.654732092068635
-5.8207444775335935
-5.784721866836159
-5.5507660721218635
-5.757972235973836
-5.786397686145912
-5.8346247263119695
-5.900341853599902
-5.8284163106024875
-5.766137951208616
-5.787901546668457
-5.653234596248353
-5.724272219509074
-5.86867554958291
-5.7880660119561105
-5.693724720629196
-5.695633710445781
-5.751483489116252
-5.762703526764456
-5.769146603514465
-5.733398471105993
-5.685950097085616
-5.644698248914911
-5.6442698497599135
-5.767268024381998
-5.811011221747692
-5.742433129019656
-5.811657375124945
-5.724793472038748
-5.6926605653222
-5.677100528559611
-5.786518322043299
-5.719413678178307
-5.82887196726378
-5.862240300978597
-5.819109378919519
-6.061527588014292
-5.742329295540428
-5.855644373366587
-5.816367494805077
-5.642658683763279
-5.5764352905655326
-5.7380321537611785
-5.8563533744122305
-5.910080658070003
-5.836590080310702
-5.69955666897974
-5.632677662395585
-5.677393700595507
-5.714120817492226
-5.62373538833337
-5.74777087973477
-5.6704891784658535
-5.728316256950144
-5.683806638052902
-5.710532892717137
-5.7511751415321575
-5.646026466410988
-5.805927121457759
-5.676573285952344
-5.668815001589651
-5.711574339611809
-5.589055709594904
-5.530679810683535
-5.749295922650715
-5.593835003038261
-5.783671655115528
-5.64588257243857
-5.522737829708518
-5.810692357633699
-5.716859540154429
-5.638817677179453
-5.717098722540114
-5.610412644717585
-5.597019634507992
-5.740138344610742
-5.672160251742921
-5.6538303601870625
-5.779463884127461
-5.644618705144815
-5.667885144825751
-5.692102303146862
-5.891760469439465
-5.663089314840848
-5.8220674294284125
-5.7375083460175835
-5.666050785834617
-5.610647572327932
-5.933329394369591
-5.686134073106363
-5.708267417889729
-5.6274947849296515
-5.723216467566241
-5.8353681817177145
-5.711374623134782
-5.712047274389403
-5.886557747708521
-5.759718090817499
-5.723726160930045
-5.7792268881220386
-5.928258132111863
-5.715877030453302
-5.817988038617277
-5.518272716903083
-5.543401066620932
-5.6790020682621885
-5.6166057982955895
-5.766624524021305
-5.5645573256383
-5.685778200147362
-5.89649674885835
-5.691565795660437
-5.659605442555088
-5.677472708519335
-5.600822923208306
-5.775159232471017
-5.570638216932319
-5.719896461897461
-5.726899330163587
-5.652159802176578
-5.701824644381301
-5.89163710047619
-5.602912929126978
-5.692182473387209
-5.692517865223153
-5.588255355640153
-5.968183551922573
-5.742834285559062
-5.751345940998417
-5.473100453153743
-5.7937603906669946
-5.680099205072762
-5.706422078864728
-5.90691032954156
-5.8306000523345425
-5.861742304684112
-5.8706952798458145
-5.562111290641738
-5.770651065910205
-5.774878054117553
-5.750532049223101
-5.927036866245589
-5.688577457258858
-5.627446488570849
-5.702450355697012
-5.874934116915097
-5.750837832131349
-5.657295989900304
-5.667191914427005
-5.595766685950343
-5.741192693874297
-5.821900975446836
-5.792653856959806
-5.849724319887815
-5.588382181851385
-5.595015784225468
-5.7186218217038824
-5.726181211315623
-5.838152705474641
-5.6430754597715405
-5.606998085793547
-5.623918911093339
-5.871332862596266
-5.932571703013902
-5.723302596534048
-5.664008021631086
-5.655396541300366
-5.810367527435225
-5.8669629662139045
-5.760391701581191
-5.684703975760502
-5.758381848953634
-5.828337916618451
-5.702170178155641
-5.58661616146722
-5.60945323713085
-5.647994361771691
-5.621859807741026
-5.89650659662999
-5.7451883735401
-5.768831859853351
-5.673565629849168
-5.600034735444728
-5.685731434738376
-5.817019191518757
-5.80025612055198
-5.732191242211938
-5.6977379574244
-5.725223394109248
-5.63483458185897
-5.881029956670803
-5.704291228724749
-5.52993657406189
-6.007206522966973
-5.738023962042021
-5.711831996622144
-5.678347693141919
-5.7247414900047575
-5.792069064802745
-5.667129370359172
-5.563576609923173
-5.722087956005135
-5.6802970467180405
-5.601379816755315
-5.621693297691635
-5.641401336818135
-5.6303906034973386
-5.699660165315304
-5.566622232182983
-5.725126650023175
-5.781671248459567
-5.853426792067516
-5.618375301545184
-5.597143321030369
-5.673068990199762
-5.660587882841929
-5.756617964392741
-5.758308604558349
-5.645305182974883
-5.598855158524541
-5.604689871843337
-5.849846499966376
-5.635351178432045
-5.771282221697092
-5.667820083717136
-5.922252657781477
-5.75347058552056
-5.788079286673473
-5.749566420263313
-5.71873825445747
-5.636296501875658
-5.705608366273253
-5.590285485826313
-5.830761401738744
-5.881612346020857
-5.749756185231713
-5.757481956529316
-5.756377291139718
-5.874803835949298
-5.654003169162046
-5.682248519389551
-5.546040737849079
-5.567800206955566
-5.814836041483294
-5.569042242175611
-5.736308769176302
-5.903804633004408
-5.7675677088286985
-5.646641338926686
-5.708692440477436
-5.596574425543576
-5.605313272385435
-5.7420366723991885
-5.78197766731504
-5.598563834999386
-5.745185080085948
-5.852914181608901
-5.812331279885351
-5.666294381648107
-5.813624175358321
-5.6659692935944745
-5.658745278359107
-5.664404059980102
-5.603759508141854
-5.613967020045413
-5.734999668879687
-5.653788653926134
-5.750313291130136
-5.6639776985308545
-5.6512904989090265
-5.644475796526191
-5.594400391651628
-5.800444115900949
-5.563298461084728
-5.581126558563904
-5.801430096162552
-5.69145641466916
-5.663398945550261
-5.644714554263715
-5.722521692605759
-5.780906232377349
-5.739969742818686
-5.6353487969471034
-5.64985505879321
-5.7488842453178695
-5.724031359518341
-5.640780698611405
-5.796788583466634
-5.7669832350575785
-5.82780107376133
-5.63362992267734
-5.537872620976329
-5.923920210633167
-5.815686664582573
-5.6891590992687915
-5.882143550332502
-5.6741024028391625
-5.776780885626379
-5.533851256531106
-5.743819722437671
-5.826420712388174
-5.723120392901945
-5.810959265056623
-5.796566455325578
-5.835820421655087
-5.707101882923848
-5.649512999308202
-5.613623666892444
-5.661066787875889
-5.8733922117844255
-5.745592185457612
-5.674472235052355
-5.8029928111617135
-5.642743558821812
-5.792196987019299
-5.761165825165917
-5.661125726276202
-5.6136774201824595
-5.652883958961148
-5.729442404467612
-5.673485586043497
-5.722506595948444
-5.670893184983043
-5.675750400834644
-5.478483302997815
-5.641818418823185
-5.690659738046094
-5.760794157658211
-5.862012758527832
-5.641414164116904
-5.7143416194112095
-5.697910279303655
-5.691541865226913
-5.736898546188325
-5.678430586886913
-5.550699268329246
-5.6572266763945
-5.663608964748308
-5.66527440236901
-5.700106953449202
-5.718555392138581
-5.687152688466828
-5.677670215214006
-5.549875633757453
-5.668264587246196
-5.693005701691607
-5.676830501770829
-5.858377444072721
-5.669167628492619
-5.7827364415645635
-5.5194180347477255
-5.669477128043736
-5.550114776449786
-5.776202300600022
-5.570078255166036
-5.751821219962918
-5.9564548662635355
-5.77446537219822
-5.650269298924243
-5.710389660005324
-5.615871015841422
-5.673153498494693
-5.678783551890296
-5.683200613823679
-5.899861181413723
-5.811772112196827
-5.709999388957458
-5.6799806780795485
-5.839004476766482
-5.734396435602324
-5.683301700464343
-5.744363943198121
-5.760605253841867
-5.7457524173325005
-5.838609718627964
-5.69667860930743
-5.776765100072334
-5.699880985778635
-5.646441241813653
-5.693173089213005
-5.82198514538433
-5.70351213727442
-5.650077514590885
-5.58798293538241
-5.789471562603256
-5.669255036090885
-5.640693438307783
-5.641296019863564
-6.008845748421416
-5.732309057703247
-5.549736727058493
-5.665551619832326
-5.698642896923307
-5.770731965824806
-5.667826706028256
-5.734324651598224
-5.68916851530888
-5.718283022985998
-5.692708849578591
-5.914338649652037
-5.6838138980846376
-5.783134779797258
-5.721324526321788
-5.701687975936607
-5.629696171871414
-5.593864233915322
-5.719151748083074
-5.787541629776525
-5.6662430171303235
-5.872994284546871
-5.694010692772038
-5.658467345348575
-5.7333734788825
-5.659406062150291
-5.823542306576105
-5.718130298445408
-5.796132522043753
-5.728029732503033
-5.621835083884343
-5.769595447069008
-5.810554048261126
-5.760358558752812
-5.797135800751711
-5.714231521219888
-5.765582132592265
-5.675582146992046
-5.653712951396226
-5.9895610521493605
-5.785933512119235
-5.741592507305415
-5.737553765014966
-5.757488222105128
-5.44162690984518
-5.615163326705592
-5.772753448616721
-5.807517746041011
-5.511736440950397
-5.8525984938659255
-5.585216213202948
-5.596927232408679
-5.6966711348975405
-5.618489981504034
-5.563080337070022
-5.560988415042119
-5.704652588918745
-5.736245406586751
-5.78832600827969
-5.709787157245687
-5.7237977370596
-5.907219133952668
-5.796341745713472
-5.6351860907653775
-5.667191208389561
-5.93250992500465
-5.792871022781727
-5.558514559801283
-5.641855251028351
-5.675999818680666
-5.969850957826648
-5.51007558226827
-5.835477500835537
-5.789581061357396
-5.739857885135664
-5.6719172107935485
-5.65190530965914
-5.673635700421174
-5.682568217802819
-5.813193137788423
-5.6022851034495975
-5.685840499351117
-6.0857152528237295
-5.5822226969735365
-5.756119129745101
-5.758148334716039
-5.539306908047089
-5.716231370815277
-5.516863148544285
-5.7380838181114076
-5.764994705661046
-5.781946088924192
-5.704825218494797
-5.681598345474617
-5.663037917932239
-5.683743292766089
-5.720886534192987
-5.573964498975015
-5.87846535742129
-5.770886824438056
-5.71848834503235
-5.7335597020581215
-5.816058776471376
-5.66664210080143
-5.8229179582867205
-5.668703705989695
-5.770397407198754
-5.65925796242142
-5.563122266322933
-5.751246068830795
-5.762946144905393
-5.81006912035362
-5.690026544792329
-5.933402620921504
-5.714160706717056
-5.754539537437613
-5.848475980683065
-6.0723188493011175
-5.624462549325591
-5.7918256176333935
-5.84202944306944
-5.818631936566887
-5.710205468496412
-5.782982643807901
-5.672628594216449
-5.71047163948323
-5.80455529411192
-5.705678581496487
-5.508995893250636
-5.525983976256526
-5.80196430358036
-5.689418087560186
-5.871706895934827
-5.757955018620205
-5.7638574217687975
-5.690203411310569
-5.836340073425962
-5.686999274453186
-5.757949949784014
-5.643054194904874
-5.719117146660376
-5.784869789167653
-5.853931027573862
-5.980789222220084
-5.645848549355882
-5.604429766866065
-5.772047132175645
-5.711749397502056
-5.733461110210252
-5.7918702769476855
-5.735335618388101
-5.521646615668758
-5.784014569172507
-5.8346949334801534
-5.555462305485104
-5.642750933745964
-5.999261455727981
-5.749524532464064
-5.813431549457081
-5.897225006683679
-5.633087538215097
-5.842937716985115
-5.860723297328396
-5.527595836708156
-5.838504461875575
-5.917714893456675
-5.734999128225496
-5.829767959305276
-5.677826131566614
-5.7276687949783085
-5.916586941722104
-5.5801088657051885
-5.553331958393423
-5.769810830431043
-5.759221908027341
-5.795881330547928
-5.519511212896485
-5.51385848558512
-5.631178108173273
-5.686443786795624
-5.710694296113489
-5.688673830266404
-5.871091286787735
-5.7728805769720335
-5.74933368009901
-5.697842651765615
-5.647383747682348
-5.656622054059028
-5.589274560762167
-5.58944279064361
-5.7966435990433105
-5.699201459826565
-5.731269522774672
-5.613549438192493
-5.767212841962104
-5.624620596537839
-5.800217716926684
-5.708922645013366
-5.688005323785442
-5.48229340783995
-5.663576940941184
-5.490363130574627
-5.684293086202716
-5.5698178323906875
-5.727316293222662
-5.628623641082836
-5.794827636376388
-5.76554310106906
-5.8903969360120625
-5.8549006468307825
-5.828967180461577
-5.935395188395409
-5.928100117078429
-5.688213095762875
-5.72808256569136
-5.579889580470647
-5.698756551087285
-5.576166025466418
-5.687838567390127
-5.565777923735995
-5.629166164693564
-5.71748277307149
-5.738741553938111
-5.536880258131645
-5.765696905646012
-5.892732980711075
-5.632164433092312
-5.735717628945077
-5.838491221354135
-5.721221493714424
-5.738030110260458
-5.506079474029038
-5.6923042995888595
-5.770340026038357
-5.80862747122189
-5.865296267322541
-5.504743650012039
-5.666631652954743
-5.649491908250665
-5.734366532485127
-6.092543096811964
-5.845059037373928
-5.616182612684509
-5.724440366323974
-6.002623810980092
-5.545234821648405
-5.760207528307955
-5.8074615763501125
-5.703057003381341
-5.918591845609334
-5.649912287678238
-5.717136173513856
-5.612834989602595
-5.610409024525479
-5.804033250098104
-5.527086553409578
-5.82639124758246
-5.619158837781058
-5.598618566639814
-5.778671037635272
-5.7094179460523415
-5.564898823713581
-5.726561716400208
-5.670074485955293
-5.891624220291559
-5.766031038830811
-5.764970172434288
-5.55699081150462
-5.740923441536065
-5.665536594058785
-5.724173979132983
-5.767667116681156
-5.693663795038112
-5.578105127331606
-5.674589478748725
-5.700015913731285
-5.664757254448691
-5.7452234810304335
-5.6060627516610815
-5.763798500535754
-5.4881034998040406
-5.744399420810367
-5.777752339629093
-5.721644100859459
-5.781122705332322
-5.779450527624298
-5.821208157953902
-5.703230398721635
-5.821129011840239
-5.81443202311927
-5.635896475124988
-5.9890453345053345
-5.663713846822763
-5.829971516067722
-5.801514120369772
-5.761570302866053
-5.70956748082007
-5.665687145589118
-5.695502985279426
-5.661289183683397
-5.7086891901031365
-5.590872223631418
-5.868796341306839
-5.85926794030768
-5.736419557912522
-5.654444100457741
-5.7736772281830335
-5.7447395238234895
-5.499556250945279
-5.9132618347912205
-5.80999751303502
-5.874497895538439
-5.735711178921113
-5.480030683159092
-5.902529613519762
-5.966270432719905
-5.843125539613226
-5.743165576582072
-5.622659903675905
-5.8532205894817695
-5.6617263810591085
-5.780981380155855
-5.661344521228942
-5.733771139266716
-5.7792714711162825
-5.77880817495475
-5.793394685604077
-5.7670017735970625
-5.559862080315432
-5.811849299039251
-5.615719357311862
-5.823821318677637
-5.758616042357028
-5.869858236849305
-5.716029119127244
-5.865168671881075
-5.7240835632217495
-5.636743340028032
-5.7608594207034995
-5.429348094894184
-5.562539216070369
-5.717171598880211
-5.690445310384806
-5.75125031350242
-5.576384752145809
-5.569088133231807
-5.6942795367717824
-5.659752760154208
-5.714204727557739
-5.529999097328609
-5.737468422597314
-5.606154511616758
-5.830400496337788
-5.521616813708692
-5.683473551663433
-5.570371190970386
-5.691530724878814
-5.4943680217450135
-5.614092925346583
-5.81003418301884
-5.56940073160117
-5.851552693824041
-5.830879492085752
-5.544332375316528
-5.63958862332268
-5.621397922581424
-5.702596076460657
-5.666624961237362
-5.658672234430816
-5.590341544535335
-5.671004067186649
-5.673146212999672
-5.787162752138031
-5.7328506339476135
-5.766350311528028
-5.781905953865636
-5.769902836017847
-5.882600161673264
-5.567861969121187
-5.720651314203816
-5.633969173305917
-5.871477011947994
-5.655423294671599
-5.882120944390762
-5.762921489275011
-5.755747231475978
-5.893606953823252
-5.767746663045208
-5.681594932279542
-5.7646037208691014
-5.557637763382039
-5.682921625065159
-5.683874126914857
-5.790416307828688
-5.685822048849201
-5.76578276635098
-5.649875431286424
-5.684190103988268
-5.576247678188102
-5.759220072392418
-5.694979846917921
-5.832514668506064
-5.822210664303173
-5.914871483059003
-5.730301877269572
-5.593143518090382
-5.796346835661722
-5.714630896660141
-5.8307796249641335
-5.655642922217832
-5.770575215930046
-5.624590622417489
-5.720612040831862
-5.63143719905078
-5.681251077118246
-5.785579105081497
-5.4728595618899645
-5.585480827888736
-5.887662264189587
-5.678842178915951
-5.619482646809693
-5.879013192810145
-5.468121332602036
-5.857084067023806
-5.64360519557066
-5.596301101186828
-5.660557154515059
-5.699252167365434
-5.732982972850457
-5.646901907292169
-5.56436249374754
-5.6244819831442445
-5.623106200396656
-5.623310858655319
-5.812594491652208
-5.61242723406115
-5.726228619910863
-5.792857147671849
-5.662286880336522
-5.704943951073788
-5.727313755728575
-5.636627679577693
-5.544645604169248
-5.692414219763399
-5.7384608400232215
-5.710921315172374
-5.476577757196271
-5.699898522008689
-5.6260740395262365
-5.843619079672942
-5.673355103703201
-5.681012270654381
-5.68023118099112
-5.755086315642139
-5.592490994662832
-5.792397600225921
-5.717385902396471
-5.725934475361417
-5.680171173448188
-5.718995391273476
-5.715598637893887
-5.681784129436074
-5.825593092109273
-5.8804971359280485
-5.756169875837221
-5.75271877803708
-5.6867679253117105
-5.712902529625707
-5.683452818627165
-5.754020925543944
-5.681792453275351
-5.860422710632843
-5.6574849129418805
-5.776127387063135
-5.516877974279906
-5.766507442595082
-5.665126512348429
-5.768534424926016
-5.796216538489588
-5.663965349180514
-5.642838612150993
-5.740766810124293
-5.72503944342083
-5.83616961090216
-5.942191196631743
-5.548672933837196
-5.651632730305009
-5.521188271146834
-5.656702115348219
-5.6965640284404895
-5.632025794595879
-5.65224931929805
-5.730668335149718
-5.6763480629898
-5.565228791303742
-5.648097645781457
-5.865276271607433
-5.828341878228643
-5.862323467404255
-5.763345133136022
-5.876516687103251
-5.904651008782763
-5.682902716925486
-5.580466685603677
-5.8609429412258915
-5.937519904930968
-5.695487845257444
-5.667851263446509
-5.652738197661361
-5.626961957134868
-5.74481277448994
-5.568617987150979
-5.5952615979503
-5.557431872652185
-5.600711298642412
-5.612431306263898
-5.771909373066095
-5.600433993345459
-5.839311581650101
-5.59274860548221
-5.642075761535637
-5.817617558469938
-5.886595509512788
-5.654473959251335
-5.690548577670528
-5.6743192554554875
-5.7371794651067285
-5.739286358338374
-5.771758085422022
-5.705007001597237
-5.644585176591048
-5.5838773813085
-5.6493227251159
-5.796943617717991
-5.698971205733608
-5.788076704711694
-5.682838287776281
-5.509840095546986
-5.716306312897228
-5.678941730479465
-5.717370100736981
-5.5170742142162235
-5.743477714420436
-5.7089215046388455
-5.607044394137791
-5.879056501543461
-5.653556074132066
-5.727383909542757
-5.742538554036174
-5.780352938413507
-5.70267417357953
-5.781158174833346
-5.751423902202467
-5.674858635607457
-5.601408368311245
-5.661993059311543
-5.684527917560428
-5.561585203010387
-5.8578183943352595
-5.666505299888249
-5.625934105090832
-5.6932707212266935
-5.75048712243982
-5.734890804693681
-5.69801435037506
-5.6032850423222
-5.737271588224158
-5.693022901271176
-5.969544969641502
-5.801457539650098
-5.755052980018402
-5.737581992774905
-5.642132130956894
-5.759083806646182
-5.927952761848176
-5.720515111327811
-5.6695815652124395
-5.50163939131755
-5.636675019171708
-5.69726278577679
-5.63337737570963
-5.8306973362768915
-5.756303754456451
-5.603465442467772
-5.791052786044559
-5.7209963169001545
-5.756426521390893
-5.8077895573928044
-5.92177398788947
-5.606590365736418
-5.651891121902368
-5.754031439963768
-5.634302987971135
-5.8238040299701
-5.718278627894829
-5.617000187525252
-5.637742361085812
-5.70426985480752
-5.612778338560906
-5.889378019279238
-5.606729289385041
-5.72669714683577
-5.729350670277797
-5.704098480709152
-5.724718263892023
-5.891649038426041
-5.650985020465245
-5.694134682067855
-5.734103985124495
-5.62102743879617
-5.790481245224307
-5.841013458970807
-5.579433881999241
-5.652345128982396
-5.607321980116914
-5.701782758305
-5.65213622668765
-5.750774692800968
-5.565375519194459
-5.816503082481535
-5.875107041163582
-5.618091764061911
-5.941546406897823
-5.800818515419723
-5.639523066394864
-5.564966486157783
-5.643853140735119
-5.723419801234562
-5.781947764463728
-5.776368910154347
-5.643156843279486
-5.7278730962718605
-5.702052489951672
-5.683164258832169
-5.817463333870784
-5.684984823643523
-5.738264985095808
-5.786224473723549
-5.591067775853254
-5.635147457604828
-5.686127490340272
-5.926542193350263
-5.843485459524305
-5.737419161406755
-5.7546441954374625
-5.793067364190972
-5.551188408764437
-5.65541124455743
-5.545696793543237
-5.798984552395727
-5.724979112666686
-5.656107967960912
-5.875928306940971
-5.7714923546517385
-5.7521528834776925
-5.906571525577717
-5.5414425547808435
-5.7431132877004245
-5.8375582164188184
-5.755986484253993
-5.7477875132989125
-5.5897587373183875
-5.777178886234323
-5.721204107980428
-5.741344254742026
-5.740025439927305
-5.718199989164492
-5.675211286904823
-5.692415176957835
-5.7274982782939965
-5.693294461006667
-5.802664785073723
-5.737729595868008
-5.5757875419331215
-5.580563947442982
-5.638916581330335
-5.621749130223879
-5.60910294860929
-5.670084935423813
-5.914265471299907
-5.721233419163023
-5.613339988407082
-5.501569000288241
-5.814820961366328
-5.62948168841639
-5.597661333811899
-5.6741236767770085
-5.664116407033147
-5.826768875174901
-5.750447229983777
-5.631278880107543
-5.822377581568821
-5.670875469825229
-5.5532743544549925
-5.661448548470767
-5.722038337653097
-5.7014545149277485
-5.760052338168088
-5.569031337796684
-5.635214167616198
-5.944584634014436
-5.648578912067871
-5.927358131088795
-5.76415270211103
-5.691013621641284
-5.781229746389671
-5.952370262023555
-5.701385459643315
-5.689437026690513
-5.572236304533096
-5.780880345220769
-5.699603715972176
-5.889158943642948
-5.776473810538002
-5.646305146108439
-5.585856385715916
-5.61412429467214
-5.8262386831882225
-5.702206750586749
-5.692877882554177
-5.651708572369672
-5.697433640726387
-5.6283424302777565
-5.657385313397506
-5.686198396864767
-5.709351522413217
-5.718118236377018
-5.724306311827664
-5.579534884212268
-5.765283206317299
-5.7548219617045415
-5.662700594317254
-5.7128083330492085
-5.889151952720077
-5.930381969567042
-5.785374485498356
-5.545209408590601
-5.902005665649339
-5.732323118443212
-5.7657254483358615
-5.81549827817356
-5.697448735685422
-5.731568488041052
-5.700266602053957
-5.597654094123628
-5.853664375071889
-5.789857662572049
-5.702182046343249
-5.760925665002626
-5.52598913862489
-5.693795210477067
-5.7710799966542705
-5.701556359571927
-5.712259441051621
-5.587425842962543
-5.667345099133089
-5.811837572955341
-5.747166688600286
-5.976273939297944
-5.686250257597749
-5.909639389978171
-5.596124633338329
-5.825983366810655
-5.679963631108556
-5.62001872908938
-5.7819083915966045
-5.698800434619809
-5.593894364670783
-5.732302333187575
-5.678960340220544
-5.622239562822806
-5.687320989511258
-5.73795476520346
-5.712405281249307
-5.677590363499263
-5.7108649473536355
-5.84696130990461
-5.68990213585272
-5.914246667567649
-5.725240533027222
-5.755078276656984
-5.645716680068799
-5.7955185656247465
-5.638556592526573
-5.704094371660414
-5.825963828902184
-5.676005696525501
-5.520793368920123
-5.724568215095788
-5.599004499956759
